C:\Users\User\Desktop\ntu_vfx\vfx_hw2\input\ib\20200430_154121.jpg
4032 3024

4 0 1511.5 
0 4 2015.5 
0 0 1 

0.999917 0.00136947 -0.0128468 
-0.00136935 0.999999 1.75901e-005 
0.0128469 -2.18117e-013 0.999918 

1722.08

C:\Users\User\Desktop\ntu_vfx\vfx_hw2\input\ib\20200430_154124.jpg
4032 3024

4 0 1511.5 
0 4 2015.5 
0 0 1 

0.999958 0.000811324 -0.00915543 
0.000399825 0.991314 0.131516 
0.0091826 -0.131514 0.991272 

1727.13

C:\Users\User\Desktop\ntu_vfx\vfx_hw2\input\ib\20200430_154127.jpg
4032 3024

4 0 1511.5 
0 4 2015.5 
0 0 1 

0.999961 0.00218607 -0.00854379 
0.000208948 0.962645 0.270765 
0.00881655 -0.270756 0.962607 

1728.31

C:\Users\User\Desktop\ntu_vfx\vfx_hw2\input\ib\20200430_154138.jpg
4032 3024

4 0 1511.5 
0 4 2015.5 
0 0 1 

0.999967 0.00278275 -0.00769522 
0.000402324 0.922544 0.385892 
0.00817302 -0.385882 0.922512 

1727.21

C:\Users\User\Desktop\ntu_vfx\vfx_hw2\input\ib\20200430_154141.jpg
4032 3024

4 0 1511.5 
0 4 2015.5 
0 0 1 

0.99997 0.00388252 -0.00675327 
0.000264164 0.84954 0.527524 
0.00778529 -0.52751 0.849513 

1727.07

C:\Users\User\Desktop\ntu_vfx\vfx_hw2\input\ib\20200430_154145.jpg
4032 3024

4 0 1511.5 
0 4 2015.5 
0 0 1 

0.999968 0.00487898 -0.00643407 
6.90027e-005 0.791619 0.611014 
0.00807443 -0.610995 0.791593 

1731.81

C:\Users\User\Desktop\ntu_vfx\vfx_hw2\input\ib\20200430_154150.jpg
4032 3024

4 0 1511.5 
0 4 2015.5 
0 0 1 

0.999973 0.0047681 -0.00559414 
0.000456409 0.719314 0.694685 
0.00733624 -0.694669 0.719292 

1729.7

C:\Users\User\Desktop\ntu_vfx\vfx_hw2\input\ib\20200430_154153.jpg
4032 3024

4 0 1511.5 
0 4 2015.5 
0 0 1 

0.999977 0.00500392 -0.00471887 
0.000557101 0.6249 0.780704 
0.00685538 -0.780689 0.624882 

1732.26

C:\Users\User\Desktop\ntu_vfx\vfx_hw2\input\ib\20200430_154156.jpg
4032 3024

4 0 1511.5 
0 4 2015.5 
0 0 1 

0.999979 0.00542301 -0.00357269 
0.000317938 0.508601 0.861002 
0.00648626 -0.860985 0.508589 

1730.48

C:\Users\User\Desktop\ntu_vfx\vfx_hw2\input\ib\20200430_154204.jpg
4032 3024

4 0 1511.5 
0 4 2015.5 
0 0 1 

0.999982 0.00556615 -0.00234183 
0.000141317 0.366125 0.930565 
0.00603701 -0.930549 0.366118 

1736.28

C:\Users\User\Desktop\ntu_vfx\vfx_hw2\input\ib\20200430_154207.jpg
4032 3024

4 0 1511.5 
0 4 2015.5 
0 0 1 

0.999987 0.00515705 -0.000944724 
-0.000121927 0.203015 0.979175 
0.00524138 -0.979162 0.203013 

1739.31

C:\Users\User\Desktop\ntu_vfx\vfx_hw2\input\ib\20200430_154210.jpg
4032 3024

4 0 1511.5 
0 4 2015.5 
0 0 1 

0.999985 0.00541361 0.00131815 
-0.00157859 0.0483865 0.998827 
0.00534338 -0.998814 0.0483944 

1737.49

C:\Users\User\Desktop\ntu_vfx\vfx_hw2\input\ib\20200430_154116.jpg
4032 3024

4 0 1511.5 
0 4 2015.5 
0 0 1 

0.999936 -0.000895698 -0.0113034 
-0.000673532 0.990423 -0.138065 
0.0113188 0.138064 0.990359 

1724.42

