C:\Users\User\Desktop\ntu_vfx\vfx_hw2\input\t1-2\DSC_0019.JPG
2144 1424

2 0 711.5 
0 2 1071.5 
0 0 1 

0.996886 -0.00384132 0.0787619 
0.00382944 0.999992 0.0003025 
-0.0787625 1.696e-007 0.996893 

2351.83

C:\Users\User\Desktop\ntu_vfx\vfx_hw2\input\t1-2\DSC_0020.JPG
2144 1424

2 0 711.5 
0 2 1071.5 
0 0 1 

0.998554 0.0262441 0.0469169 
-0.0128547 0.963987 -0.265636 
-0.0521988 0.264649 0.962931 

2357.34

C:\Users\User\Desktop\ntu_vfx\vfx_hw2\input\t1-2\DSC_0021.JPG
2144 1424

2 0 711.5 
0 2 1071.5 
0 0 1 

0.998532 0.0294942 0.0454422 
-0.0109267 0.931216 -0.364303 
-0.0530615 0.363272 0.93017 

2359.24

C:\Users\User\Desktop\ntu_vfx\vfx_hw2\input\t1-2\DSC_0022.JPG
2144 1424

2 0 711.5 
0 2 1071.5 
0 0 1 

0.998517 0.0348101 0.0418676 
-0.0101648 0.874597 -0.484743 
-0.0534914 0.483599 0.873653 

2357.65

C:\Users\User\Desktop\ntu_vfx\vfx_hw2\input\t1-2\DSC_0023.JPG
2144 1424

2 0 711.5 
0 2 1071.5 
0 0 1 

0.998289 0.0393123 0.0432819 
-0.00504335 0.795372 -0.6061 
-0.0582525 0.604845 0.794209 

2358.35

C:\Users\User\Desktop\ntu_vfx\vfx_hw2\input\t1-2\DSC_0024.JPG
2144 1424

2 0 711.5 
0 2 1071.5 
0 0 1 

0.998331 0.0448251 0.0364194 
-0.00674729 0.716784 -0.697262 
-0.0573597 0.695852 0.71589 

2360.76

C:\Users\User\Desktop\ntu_vfx\vfx_hw2\input\t1-2\DSC_0025.JPG
2144 1424

2 0 711.5 
0 2 1071.5 
0 0 1 

0.998353 0.0459531 0.0343693 
-0.00332316 0.644228 -0.764826 
-0.0572878 0.763452 0.643319 

2360.86

C:\Users\User\Desktop\ntu_vfx\vfx_hw2\input\t1-2\DSC_0026.JPG
2144 1424

2 0 711.5 
0 2 1071.5 
0 0 1 

0.998328 0.0501746 0.0287021 
-0.00178185 0.523018 -0.852319 
-0.0577765 0.850843 0.522233 

2360.25

C:\Users\User\Desktop\ntu_vfx\vfx_hw2\input\t1-2\DSC_0027.JPG
2144 1424

2 0 711.5 
0 2 1071.5 
0 0 1 

0.998394 0.0512039 0.0242535 
-0.000964059 0.443363 -0.896341 
-0.0566493 0.894878 0.4427 

2359.61

C:\Users\User\Desktop\ntu_vfx\vfx_hw2\input\t1-2\DSC_0028.JPG
2144 1424

2 0 711.5 
0 2 1071.5 
0 0 1 

0.998343 0.0549109 0.0172086 
-0.000335224 0.304595 -0.952482 
-0.0575433 0.950898 0.304108 

2361.26

C:\Users\User\Desktop\ntu_vfx\vfx_hw2\input\t1-2\DSC_0029.JPG
2144 1424

2 0 711.5 
0 2 1071.5 
0 0 1 

0.998421 0.0556736 0.00754338 
-0.00109277 0.153485 -0.98815 
-0.0561717 0.986581 0.153303 

2362.24

C:\Users\User\Desktop\ntu_vfx\vfx_hw2\input\t1-2\DSC_0030.JPG
2144 1424

2 0 711.5 
0 2 1071.5 
0 0 1 

0.998486 0.0550133 0.000385183 
-0.00172033 0.0382212 -0.999268 
-0.0549877 0.997753 0.0382578 

2363.1

C:\Users\User\Desktop\ntu_vfx\vfx_hw2\input\t1-2\DSC_0031.JPG
2144 1424

2 0 711.5 
0 2 1071.5 
0 0 1 

0.998477 0.0551439 -0.00185939 
0.00326943 -0.0927716 -0.995682 
-0.0550783 0.994159 -0.0928108 

2362.55

C:\Users\User\Desktop\ntu_vfx\vfx_hw2\input\t1-2\DSC_0032.JPG
2144 1424

2 0 711.5 
0 2 1071.5 
0 0 1 

0.998604 0.0516176 -0.0112043 
-0.00115396 -0.190752 -0.981637 
-0.052807 0.98028 -0.190427 

2362.83

C:\Users\User\Desktop\ntu_vfx\vfx_hw2\input\t1-2\DSC_0033.JPG
2144 1424

2 0 711.5 
0 2 1071.5 
0 0 1 

0.998677 0.0481575 -0.018022 
-0.00169679 -0.319434 -0.947607 
-0.0513913 0.946383 -0.318931 

2364.89

C:\Users\User\Desktop\ntu_vfx\vfx_hw2\input\t1-2\DSC_0034.JPG
2144 1424

2 0 711.5 
0 2 1071.5 
0 0 1 

0.998695 0.0455108 -0.0231691 
-0.000336584 -0.447807 -0.89413 
-0.0510679 0.892971 -0.447207 

2364.54

C:\Users\User\Desktop\ntu_vfx\vfx_hw2\input\t1-2\DSC_0035.JPG
2144 1424

2 0 711.5 
0 2 1071.5 
0 0 1 

0.998726 0.0385429 -0.0325693 
-0.00217575 -0.611943 -0.790899 
-0.0504141 0.789962 -0.61108 

2361.57

C:\Users\User\Desktop\ntu_vfx\vfx_hw2\input\t1-2\DSC_0036.JPG
2144 1424

2 0 711.5 
0 2 1071.5 
0 0 1 

0.998775 0.0243348 -0.0430905 
-0.00516236 -0.814757 -0.57978 
-0.0492171 0.579292 -0.813633 

2361.79

C:\Users\User\Desktop\ntu_vfx\vfx_hw2\input\t1-2\DSC_0037.JPG
2144 1424

2 0 711.5 
0 2 1071.5 
0 0 1 

0.998774 0.018818 -0.0457885 
-0.00515765 -0.880346 -0.474305 
-0.0492352 0.473959 -0.879169 

2360.82

C:\Users\User\Desktop\ntu_vfx\vfx_hw2\input\t1-2\DSC_0038.JPG
2144 1424

2 0 711.5 
0 2 1071.5 
0 0 1 

0.998964 0.00178451 -0.0454654 
-0.0080634 -0.976471 -0.215496 
-0.0447802 0.215639 -0.975446 

2361.25

C:\Users\User\Desktop\ntu_vfx\vfx_hw2\input\t1-2\DSC_0039.JPG
2144 1424

2 0 711.5 
0 2 1071.5 
0 0 1 

0.998872 -0.00864709 -0.0466871 
-0.0126279 -0.996244 -0.0856574 
-0.0457711 0.0861503 -0.99523 

2359.45

C:\Users\User\Desktop\ntu_vfx\vfx_hw2\input\t1-2\DSC_0040.JPG
2144 1424

2 0 711.5 
0 2 1071.5 
0 0 1 

0.998663 -0.0137778 -0.0498255 
-0.0112959 -0.998697 0.0497549 
-0.0504461 -0.0491256 -0.997518 

2359.17

C:\Users\User\Desktop\ntu_vfx\vfx_hw2\input\t1-2\DSC_0041.JPG
2144 1424

2 0 711.5 
0 2 1071.5 
0 0 1 

0.998628 -0.0187771 -0.0488831 
-0.00718091 -0.973785 0.227355 
-0.0518707 -0.226692 -0.972584 

2358.43

C:\Users\User\Desktop\ntu_vfx\vfx_hw2\input\t1-2\DSC_0042.JPG
2144 1424

2 0 711.5 
0 2 1071.5 
0 0 1 

0.998651 -0.0303114 -0.0421614 
-0.00959727 -0.905697 0.423816 
-0.0510319 -0.42284 -0.904767 

2351.74

C:\Users\User\Desktop\ntu_vfx\vfx_hw2\input\t1-2\DSC_0043.JPG
2144 1424

2 0 711.5 
0 2 1071.5 
0 0 1 

0.99847 -0.0421193 -0.0358191 
-0.0130509 -0.809066 0.587572 
-0.0537281 -0.586206 -0.808378 

2341.62

C:\Users\User\Desktop\ntu_vfx\vfx_hw2\input\t1-2\DSC_0044.JPG
2144 1424

2 0 711.5 
0 2 1071.5 
0 0 1 

0.998346 -0.0515897 -0.0253644 
-0.00666878 -0.542164 0.840246 
-0.0570997 -0.838687 -0.541611 

2339.92

C:\Users\User\Desktop\ntu_vfx\vfx_hw2\input\t1-2\DSC_0045.JPG
2144 1424

2 0 711.5 
0 2 1071.5 
0 0 1 

0.998465 -0.0537592 -0.0132871 
-0.00475204 -0.322233 0.946648 
-0.0551727 -0.945133 -0.321994 

2340.06

C:\Users\User\Desktop\ntu_vfx\vfx_hw2\input\t1-2\DSC_0046.JPG
2144 1424

2 0 711.5 
0 2 1071.5 
0 0 1 

0.998349 -0.057433 -0.000220936 
-0.00425875 -0.0778641 0.996955 
-0.0572753 -0.995308 -0.0779802 

2337.52

C:\Users\User\Desktop\ntu_vfx\vfx_hw2\input\t1-2\DSC_0047.JPG
2144 1424

2 0 711.5 
0 2 1071.5 
0 0 1 

0.998646 -0.0502356 0.0135557 
-0.00215856 0.220301 0.975429 
-0.0519877 -0.974137 0.219894 

2338.26

C:\Users\User\Desktop\ntu_vfx\vfx_hw2\input\t1-2\DSC_0048.JPG
2144 1424

2 0 711.5 
0 2 1071.5 
0 0 1 

0.998617 -0.0451013 0.0270309 
-0.0040997 0.445727 0.895159 
-0.0524213 -0.894031 0.444926 

2336.74

C:\Users\User\Desktop\ntu_vfx\vfx_hw2\input\t1-2\DSC_0049.JPG
2144 1424

2 0 711.5 
0 2 1071.5 
0 0 1 

0.998616 -0.0329195 0.0410192 
-0.00720927 0.686865 0.726748 
-0.0520989 -0.726038 0.685677 

2336.87

C:\Users\User\Desktop\ntu_vfx\vfx_hw2\input\t1-2\DSC_0050.JPG
2144 1424

2 0 711.5 
0 2 1071.5 
0 0 1 

0.998609 -0.020707 0.0485024 
-0.00594442 0.869634 0.49366 
-0.0524017 -0.493261 0.868301 

2336.74

C:\Users\User\Desktop\ntu_vfx\vfx_hw2\input\t1-2\DSC_0051.JPG
2144 1424

2 0 711.5 
0 2 1071.5 
0 0 1 

0.998706 -0.00841086 0.0501568 
-0.00516718 0.964344 0.2646 
-0.050594 -0.264517 0.963053 

2341.18

C:\Users\User\Desktop\ntu_vfx\vfx_hw2\input\t1-2\DSC_0052.JPG
2144 1424

2 0 711.5 
0 2 1071.5 
0 0 1 

0.998624 0.00296599 0.0523712 
-0.00448044 0.999574 0.0288254 
-0.0522634 -0.0290202 0.998211 

2349.66

C:\Users\User\Desktop\ntu_vfx\vfx_hw2\input\t1-2\DSC_0053.JPG
2144 1424

2 0 711.5 
0 2 1071.5 
0 0 1 

0.998736 0.0153022 0.0478763 
-0.00537696 0.97959 -0.200928 
-0.0499739 0.200417 0.978435 

2352

C:\Users\User\Desktop\ntu_vfx\vfx_hw2\input\t1-2\DSC_0054.JPG
2144 1424

2 0 711.5 
0 2 1071.5 
0 0 1 

0.998846 0.0227133 0.0423236 
-0.00381718 0.915882 -0.401428 
-0.0478813 0.400803 0.914912 

2353.02

C:\Users\User\Desktop\ntu_vfx\vfx_hw2\input\t1-2\DSC_0055.JPG
2144 1424

2 0 711.5 
0 2 1071.5 
0 0 1 

0.998881 0.031529 0.0352712 
-0.00558859 0.81897 -0.573808 
-0.0469777 0.572969 0.818229 

2353.3

C:\Users\User\Desktop\ntu_vfx\vfx_hw2\input\t1-2\DSC_0018.JPG
2144 1424

2 0 711.5 
0 2 1071.5 
0 0 1 

0.997186 -0.00196065 0.0749521 
0.00139169 0.999969 0.00764281 
-0.0749648 -0.00751682 0.997158 

2352.13

