C:\Users\User\Desktop\ntu_vfx\vfx_hw2\input\t1\20200430_152028.jpg
4032 3024

4 0 1511.5 
0 4 2015.5 
0 0 1 

0.999852 0.00150401 -0.0171234 
-0.00150379 0.999999 2.58301e-005 
0.0171234 9.74728e-009 0.999853 

783.261

C:\Users\User\Desktop\ntu_vfx\vfx_hw2\input\t1\20200430_152032.jpg
4032 3024

4 0 1511.5 
0 4 2015.5 
0 0 1 

0.999846 -0.00589097 -0.0165535 
0.000579656 0.952666 -0.304019 
0.0175609 0.303962 0.952522 

782.447

C:\Users\User\Desktop\ntu_vfx\vfx_hw2\input\t1\20200430_152037.jpg
4032 3024

4 0 1511.5 
0 4 2015.5 
0 0 1 

0.999819 -0.00896219 -0.0167641 
-0.00089627 0.858681 -0.51251 
0.0189883 0.512432 0.858518 

783.806

C:\Users\User\Desktop\ntu_vfx\vfx_hw2\input\t1\20200430_152041.jpg
4032 3024

4 0 1511.5 
0 4 2015.5 
0 0 1 

0.999814 -0.0124518 -0.0147641 
-0.000962638 0.731353 -0.681999 
0.0192899 0.681886 0.731204 

784.931

C:\Users\User\Desktop\ntu_vfx\vfx_hw2\input\t1\20200430_152044.jpg
4032 3024

4 0 1511.5 
0 4 2015.5 
0 0 1 

0.999809 -0.0150308 -0.012494 
-0.00226975 0.545618 -0.838031 
0.0194132 0.8379 0.545479 

787.425

C:\Users\User\Desktop\ntu_vfx\vfx_hw2\input\t1\20200430_152050.jpg
4032 3024

4 0 1511.5 
0 4 2015.5 
0 0 1 

0.999833 -0.0157516 -0.00929807 
-0.00239218 0.391364 -0.920233 
0.0181341 0.920102 0.39126 

789.378

C:\Users\User\Desktop\ntu_vfx\vfx_hw2\input\t1\20200430_152053.jpg
4032 3024

4 0 1511.5 
0 4 2015.5 
0 0 1 

0.999822 -0.0182477 -0.00476491 
-0.0016739 0.165795 -0.986159 
0.0187851 0.985991 0.165735 

789.259

C:\Users\User\Desktop\ntu_vfx\vfx_hw2\input\t1\20200430_152056.jpg
4032 3024

4 0 1511.5 
0 4 2015.5 
0 0 1 

0.999837 -0.0179835 -0.00110384 
-0.00180564 -0.0390538 -0.999236 
0.0179267 0.999075 -0.0390799 

789.146

C:\Users\User\Desktop\ntu_vfx\vfx_hw2\input\t1\20200430_152103.jpg
4032 3024

4 0 1511.5 
0 4 2015.5 
0 0 1 

0.999848 -0.0171247 0.00317008 
-0.00164824 -0.274253 -0.961656 
0.0173375 0.961505 -0.274239 

791.779

C:\Users\User\Desktop\ntu_vfx\vfx_hw2\input\t1\20200430_152106.jpg
4032 3024

4 0 1511.5 
0 4 2015.5 
0 0 1 

0.999848 -0.0163849 0.0058244 
-0.00322905 -0.504055 -0.863666 
0.0170869 0.863516 -0.504032 

794.174

C:\Users\User\Desktop\ntu_vfx\vfx_hw2\input\t1\20200430_152110.jpg
4032 3024

4 0 1511.5 
0 4 2015.5 
0 0 1 

0.999845 -0.0148432 0.00938747 
-0.00412156 -0.717898 -0.696136 
0.0170721 0.69599 -0.717848 

795.328

C:\Users\User\Desktop\ntu_vfx\vfx_hw2\input\t1\20200430_152126.jpg
4032 3024

4 0 1511.5 
0 4 2015.5 
0 0 1 

0.999867 -0.0115412 0.0114952 
-0.00322557 -0.832003 -0.554763 
0.0159667 0.554652 -0.831929 

795.729

C:\Users\User\Desktop\ntu_vfx\vfx_hw2\input\t1\20200430_152130.jpg
4032 3024

4 0 1511.5 
0 4 2015.5 
0 0 1 

0.999908 -0.00546297 0.0124405 
-0.0015733 -0.956003 -0.293352 
0.0134958 0.293305 -0.955924 

792.981

C:\Users\User\Desktop\ntu_vfx\vfx_hw2\input\t1\20200430_152136.jpg
4032 3024

4 0 1511.5 
0 4 2015.5 
0 0 1 

0.999927 -0.00292974 0.011684 
-0.00291909 -0.999995 -0.000926843 
0.0116867 0.00089278 -0.999931 

793.26

C:\Users\User\Desktop\ntu_vfx\vfx_hw2\input\t1\20200430_152140.jpg
4032 3024

4 0 1511.5 
0 4 2015.5 
0 0 1 

0.999922 0.00244 0.0122692 
-0.000649131 -0.969351 0.24568 
0.0124927 -0.245669 -0.969273 

790.912

C:\Users\User\Desktop\ntu_vfx\vfx_hw2\input\t1\20200430_152144.jpg
4032 3024

4 0 1511.5 
0 4 2015.5 
0 0 1 

0.999902 0.00732741 0.0119482 
0.000100499 -0.85619 0.516661 
0.0140157 -0.516609 -0.856107 

788.618

C:\Users\User\Desktop\ntu_vfx\vfx_hw2\input\t1\20200430_152147.jpg
4032 3024

4 0 1511.5 
0 4 2015.5 
0 0 1 

0.999912 0.00867128 0.0100372 
-0.00174358 -0.664224 0.747531 
0.013149 -0.747483 -0.664151 

787.519

C:\Users\User\Desktop\ntu_vfx\vfx_hw2\input\t1\20200430_152156.jpg
4032 3024

4 0 1511.5 
0 4 2015.5 
0 0 1 

0.99988 0.0122763 0.009513 
-0.00233384 -0.486803 0.873509 
0.0153544 -0.873426 -0.486716 

787.403

C:\Users\User\Desktop\ntu_vfx\vfx_hw2\input\t1\20200430_152200.jpg
4032 3024

4 0 1511.5 
0 4 2015.5 
0 0 1 

0.999879 0.0149525 0.00429388 
-0.000544089 -0.242232 0.970218 
0.0155473 -0.970103 -0.242195 

785.413

C:\Users\User\Desktop\ntu_vfx\vfx_hw2\input\t1\20200430_152203.jpg
4032 3024

4 0 1511.5 
0 4 2015.5 
0 0 1 

0.999876 0.0156578 0.00191105 
-0.00206155 0.00960434 0.999952 
0.0156387 -0.999831 0.00963531 

785.323

C:\Users\User\Desktop\ntu_vfx\vfx_hw2\input\t1\20200430_152206.jpg
4032 3024

4 0 1511.5 
0 4 2015.5 
0 0 1 

0.999883 0.0152718 -0.00117196 
-0.00255484 0.241735 0.970339 
0.0151021 -0.970222 0.241745 

787.993

C:\Users\User\Desktop\ntu_vfx\vfx_hw2\input\t1\20200430_152210.jpg
4032 3024

4 0 1511.5 
0 4 2015.5 
0 0 1 

0.999884 0.0148996 -0.00321936 
-0.00327642 0.416327 0.909209 
0.0148872 -0.909093 0.416328 

789.062

C:\Users\User\Desktop\ntu_vfx\vfx_hw2\input\t1\20200430_152215.jpg
4032 3024

4 0 1511.5 
0 4 2015.5 
0 0 1 

0.999878 0.0143625 -0.00617883 
-0.00308094 0.568429 0.822727 
0.0153287 -0.822607 0.568403 

789.324

C:\Users\User\Desktop\ntu_vfx\vfx_hw2\input\t1\20200430_152219.jpg
4032 3024

4 0 1511.5 
0 4 2015.5 
0 0 1 

0.999878 0.0123169 -0.00959797 
-0.00272954 0.743068 0.669211 
0.0153745 -0.669103 0.743011 

788.871

C:\Users\User\Desktop\ntu_vfx\vfx_hw2\input\t1\20200430_152222.jpg
4032 3024

4 0 1511.5 
0 4 2015.5 
0 0 1 

0.999879 0.0097067 -0.0121766 
-0.00229987 0.865428 0.501028 
0.0154013 -0.50094 0.865345 

789.152

C:\Users\User\Desktop\ntu_vfx\vfx_hw2\input\t1\20200430_152224.jpg
4032 3024

4 0 1511.5 
0 4 2015.5 
0 0 1 

0.999879 0.00799139 -0.0133808 
-0.00252656 0.930296 0.366801 
0.0153794 -0.366722 0.930203 

788.655

C:\Users\User\Desktop\ntu_vfx\vfx_hw2\input\t1\20200430_152017.jpg
4032 3024

4 0 1511.5 
0 4 2015.5 
0 0 1 

0.999827 0.00567371 -0.0177183 
-0.00019458 0.955501 0.294989 
0.0186035 -0.294934 0.955336 

789.058

